82559292
82560768
82562197
82563369
82564211
82565532
82566440
82641260
82647109
82651221
82787158
82789970
82791932
82893648
83096556
83098042
83103542
83189567
83271603
83334877
83514915
83678816
83679843
83681120
83682125
83742851
84000105
84143013
84218132
85467360
85469289
85923458
85925001
86154453
86155252
86156031
86316956
86317662
87705771
87749139
88049782
88558876
89425434
90035673
90037262
90840350
91146989
91243839
91248464
91297228
91297523
91388335
91598842
91599533
91600210
91600729
91619069
91621934
92857074
93059381
93060053
93060625
95286083
95286419
95286756
95828238
95829395
95830101
96292516
96482701
96525651
96595681
96761708
96898822
97960051
97961251
99329973
99355250
100175837
100226382
100227010
100402071
100402603
100643732
100644333
100780300
100891422
100945260
100997218
100998832
102087553
102088027
102088677
102143500
102144043
102144383
102168833
102169553
102169917
102170306
102326667
102687875
103185854
103186342
103523301
103523779
103524322
103524629
103578199
103578472
104158799
104159648
104160584
104161416
104162213
104191497
104331810
104449281
104449976
104450625
104451341
104452145
104690969
104691302
104714199
104714520
104714936
104715714
104739356
104739888
104889157
104890197
104890854
104891669
104893882
105049775
105050116
105173008
105173265
105173453
105173574
105241740
105242230
105242872
105243331
105263101
105462651
105784192
105784364
105784537
105785282
105828882
105829275
106392974
106393918
106509253
106691636
106801713
107456981
107457614
107838182
107838543
