79322841
82277878
82380158
82861211
83371889
83429353
83442480
83911466
83963549
84486916
84511618
84978236
84985923
85462219
86315453
86391713
86772871
87749139
88049782
88864126
90379437
90433384
90579162
90776568
92162366
92464603
92502008
92567187
92834215
92841222
92848688
92889424
92902080
92909552
93257241
93284356
93311512
93543469
93578762
93619731
93639894
93643355
93900068
93917328
96240849
96290384
96596457
96765646
96851231
96893712
97072573
97106694
97158774
97201569
97209104
97210364
97423579
97446295
97484956
97486129
97699592
97745718
97761981
97967020
98001304
98007557
98119977
98188417
98218344
98227789
98409441
98434552
98440905
98489611
98665872
98712520
98722238
98914130
98940513
99053068
99141844
99149949
99161088
99163091
99177854
99351758
99359064
99367970
99387505
99404069
99576809
99580799
99582913
99587151
99616027
99621855
99626150
99628932
99630295
99830564
99834317
99861361
100005444
100026891
100041863
100045915
100061146
100064595
100074066
100080005
100210377
100211654
100223524
100267973
100400860
100429739
100438843
100464036
100609470
100616744
100641834
100648445
100797877
100803513
100827119
100831562
100994595
100999635
101029053
101185443
101195406
101244342
101247838
101336776
101411096
101421778
101423607
101578142
101601916
101633447
101965798
102114248
102135662
102141785
102324333
102532843
102538632
102540664
102564782
102686266
102712097
102716648
103091363
103094974
103184648
103235626
103357766
103403473
103526237
103568840
103571264
103577431
103697079
103698921
103721788
103726008
103820813
103847058
103848538
103862453
103982789
103986699
104005473
104030082
104031556
104153651
104168419
104169422
104185814
104189244
104190361
104305432
104308139
104326826
104332223
104333310
104336174
104445565
104455383
104458176
104565994
104598503
104612130
104614418
104620500
104730799
104824560
104911954
105020792
105048922
105051792
105186241
105280852
105300433
105330505
105438601
105463302
105463688
105547709
105595898
105683809
106098051
106146998
106210723
106238201
106374171
106390905
106409651
106508513
106523587
106546152
106553123
106641144
106689444
106691174
106795890
106796975
106800874
106818350
106914609
106923665
106925493
106926324
106927041
106928882
107060428
107074973
107078495
107175286
107208515
107209913
107341747
107342433
107344066
107473402
107476887
107478614
107542811
107561521
107601255
107626351
